0,
0,
0,
0,
0,
0,
0,
0,
0,
0,
0,
0,
0,
0,
0,
0,
0,
0,
0,
0,
0,
0,
0,
0,
0,
0,
0,
0,
0,
0,
0,
0,
0,
0,
0,
0,
0,
0,
0,
0,
0,
0,
0,
0,
0,
0,
0,
0,
0,
0,
0,
0,
0,
0,
0,
0,
0,
0,
0,
0,
0,
0,
0,
0,
0,
0,
0,
0,
0,
0,
0,
0,
0,
0,
0,
0,
0,
0,
0,
0,
0,
0,
0,
0,
0,
0,
0,
0,
0,
0,
0,
0,
0,
0,
0.454902,
0.490196,
0.670588,
1,
1,
0.588235,
0.364706,
0,
0,
0,
0,
0,
0,
0,
0,
0,
0,
0,
0,
0,
0,
0,
0,
0,
0,
0,
0,
0.662745,
0.992157,
0.992157,
0.992157,
0.992157,
0.992157,
0.992157,
0.854902,
0.117647,
0,
0,
0,
0,
0,
0,
0,
0,
0,
0,
0,
0,
0,
0,
0,
0,
0,
0,
0.662745,
0.992157,
0.992157,
0.992157,
0.835294,
0.556863,
0.690196,
0.992157,
0.992157,
0.478431,
0,
0,
0,
0,
0,
0,
0,
0,
0,
0,
0,
0,
0,
0,
0,
0,
0,
0.203922,
0.980392,
0.992157,
0.823529,
0.12549,
0.0470588,
0,
0.0235294,
0.807843,
0.992157,
0.54902,
0,
0,
0,
0,
0,
0,
0,
0,
0,
0,
0,
0,
0,
0,
0,
0,
0,
0.301961,
0.984314,
0.823529,
0.0980392,
0,
0,
0,
0.478431,
0.972549,
0.992157,
0.254902,
0,
0,
0,
0,
0,
0,
0,
0,
0,
0,
0,
0,
0,
0,
0,
0,
0,
0,
0.121569,
0.0705882,
0,
0,
0,
0,
0.819608,
0.992157,
0.992157,
0.254902,
0,
0,
0,
0,
0,
0,
0,
0,
0,
0,
0,
0,
0,
0,
0,
0,
0,
0,
0,
0,
0,
0,
0,
0.458824,
0.968628,
0.992157,
0.776471,
0.0392157,
0,
0,
0,
0,
0,
0,
0,
0,
0,
0,
0,
0,
0,
0,
0,
0,
0,
0,
0,
0,
0,
0,
0.298039,
0.968628,
0.992157,
0.905882,
0.247059,
0,
0,
0,
0,
0,
0,
0,
0,
0,
0,
0,
0,
0,
0,
0,
0,
0,
0,
0,
0,
0,
0,
0,
0.501961,
0.992157,
0.992157,
0.564706,
0,
0,
0,
0,
0,
0,
0,
0,
0,
0,
0,
0,
0,
0,
0,
0,
0,
0,
0,
0,
0,
0,
0,
0.690196,
0.964706,
0.992157,
0.623529,
0.0470588,
0,
0,
0,
0,
0,
0,
0,
0,
0,
0,
0,
0,
0,
0,
0,
0,
0,
0,
0,
0,
0,
0,
0.0980392,
0.917647,
0.992157,
0.913726,
0.137255,
0,
0,
0,
0,
0,
0,
0,
0,
0,
0,
0,
0,
0,
0,
0,
0,
0,
0,
0,
0,
0,
0,
0,
0.776471,
0.992157,
0.992157,
0.552941,
0,
0,
0,
0,
0,
0,
0,
0,
0,
0,
0,
0,
0,
0,
0,
0,
0,
0,
0,
0,
0,
0,
0,
0.305882,
0.972549,
0.992157,
0.741176,
0.0470588,
0,
0,
0,
0,
0,
0,
0,
0,
0,
0,
0,
0,
0,
0,
0,
0,
0,
0,
0,
0,
0,
0,
0.0745098,
0.784314,
0.992157,
0.992157,
0.552941,
0,
0,
0,
0,
0,
0,
0,
0,
0,
0,
0,
0,
0,
0,
0,
0,
0,
0,
0,
0,
0,
0,
0,
0.52549,
0.992157,
0.992157,
0.678431,
0.0470588,
0,
0,
0,
0,
0,
0,
0,
0,
0,
0,
0,
0,
0,
0,
0,
0,
0,
0,
0,
0,
0,
0,
0,
0.972549,
0.992157,
0.992157,
0.0980392,
0,
0,
0,
0,
0,
0,
0,
0,
0,
0,
0,
0,
0,
0,
0,
0,
0,
0,
0,
0,
0,
0,
0,
0,
0.972549,
0.992157,
0.992157,
0.168627,
0.0784314,
0.0784314,
0.0784314,
0.0784314,
0.0196078,
0,
0.0196078,
0.0784314,
0.0784314,
0.145098,
0.588235,
0.588235,
0.588235,
0.576471,
0.0392157,
0,
0,
0,
0,
0,
0,
0,
0,
0,
0.972549,
0.992157,
0.992157,
0.992157,
0.992157,
0.992157,
0.992157,
0.992157,
0.658824,
0.560784,
0.65098,
0.992157,
0.992157,
0.992157,
0.992157,
0.992157,
0.992157,
0.992157,
0.482353,
0,
0,
0,
0,
0,
0,
0,
0,
0,
0.682353,
0.992157,
0.992157,
0.992157,
0.992157,
0.992157,
0.992157,
0.992157,
0.992157,
0.992157,
0.992157,
0.992157,
0.976471,
0.968628,
0.968628,
0.662745,
0.458824,
0.458824,
0.223529,
0,
0,
0,
0,
0,
0,
0,
0,
0,
0,
0.462745,
0.482353,
0.482353,
0.482353,
0.65098,
0.992157,
0.992157,
0.992157,
0.607843,
0.482353,
0.482353,
0.160784,
0,
0,
0,
0,
0,
0,
0,
0,
0,
0,
0,
0,
0,
0,
0,
0,
0,
0,
0,
0,
0,
0,
0,
0,
0,
0,
0,
0,
0,
0,
0,
0,
0,
0,
0,
0,
0,
0,
0,
0,
0,
0,
0,
0,
0,
0,
0,
0,
0,
0,
0,
0,
0,
0,
0,
0,
0,
0,
0,
0,
0,
0,
0,
0,
0,
0,
0,
0,
0,
0,
0,
0,
0,
0,
0,
0,
0,
0,
0,
0,
0,
0,
0,
0,
0,
0,
0,
0,
0,
0,
0,
0,
0,
0,
0,
0,
0,
0,
0,
0,
0,
0,
0,
0,
0,
0,
0,
0,
0,
0,
0,
0,
0,
0,
0,
0,
0,
0,
0,
0,
0,
0,
0,
0,
0,
0,
0,
0,
0,
0,
0,
0,
0,
0,
0,
0,
0,
0,
0,
0,
0,
0,
0,
0,
0,
0,
0,
