0,
0,
0,
0,
0,
0,
0,
0,
0,
0,
0,
0,
0,
0,
0,
0,
0,
0,
0,
0,
0,
0,
0,
0,
0,
0,
0,
0,
0,
0,
0,
0,
0,
0,
0,
0,
0,
0,
0,
0,
0,
0,
0,
0,
0,
0,
0,
0,
0,
0,
0,
0,
0,
0,
0,
0,
0,
0,
0,
0,
0,
0,
0,
0,
0,
0,
0,
0,
0,
0,
0,
0,
0,
0,
0,
0,
0,
0,
0,
0,
0,
0,
0,
0,
0,
0,
0,
0,
0,
0,
0,
0,
0,
0,
0,
0,
0,
0,
0,
0,
0,
0,
0,
0,
0,
0,
0,
0,
0,
0,
0,
0,
0,
0,
0,
0,
0,
0,
0,
0,
0,
0,
0,
0,
0,
0,
0,
0,
0,
0,
0,
0,
0,
0,
0,
0,
0,
0,
0,
0,
0,
0,
0,
0,
0,
0,
0,
0,
0,
0,
0.196078,
0.878431,
0,
0,
0,
0,
0,
0,
0,
0.27451,
0.113725,
0,
0,
0,
0,
0,
0,
0,
0,
0,
0,
0,
0,
0,
0,
0,
0,
0,
0.47451,
0.905882,
0,
0,
0,
0,
0,
0,
0,
0.580392,
0.658824,
0,
0,
0,
0,
0,
0,
0,
0,
0,
0,
0,
0,
0,
0,
0,
0,
0.0156863,
0.764706,
0.905882,
0,
0,
0,
0,
0,
0,
0,
0.376471,
0.823529,
0.0431373,
0,
0,
0,
0,
0,
0,
0,
0,
0,
0,
0,
0,
0,
0,
0,
0.270588,
0.988235,
0.52549,
0,
0,
0,
0,
0,
0,
0,
0.447059,
0.988235,
0.0823529,
0,
0,
0,
0,
0,
0,
0,
0,
0,
0,
0,
0,
0,
0,
0.176471,
0.92549,
0.85098,
0.0470588,
0,
0,
0,
0,
0,
0,
0,
0.752941,
0.988235,
0.0823529,
0,
0,
0,
0,
0,
0,
0,
0,
0,
0,
0,
0,
0,
0,
0.658824,
0.968628,
0.207843,
0,
0,
0,
0,
0,
0,
0,
0.0705882,
1,
0.992157,
0.0823529,
0,
0,
0,
0,
0,
0,
0,
0,
0,
0,
0,
0,
0,
0.329412,
0.94902,
0.827451,
0,
0,
0,
0,
0,
0,
0,
0,
0.552941,
0.992157,
0.741176,
0.0196078,
0,
0,
0,
0,
0,
0,
0,
0,
0,
0,
0,
0,
0,
0.662745,
0.988235,
0.415686,
0,
0,
0,
0,
0,
0,
0,
0.12549,
0.909804,
0.980392,
0.258824,
0,
0,
0,
0,
0,
0,
0,
0,
0,
0,
0,
0,
0,
0.0588235,
0.882353,
0.988235,
0,
0,
0,
0,
0,
0,
0,
0,
0.52549,
0.988235,
0.827451,
0,
0,
0,
0,
0,
0,
0,
0,
0,
0,
0,
0,
0,
0,
0.0862745,
0.988235,
0.643137,
0,
0,
0,
0,
0,
0,
0,
0,
0.662745,
0.988235,
0.654902,
0,
0,
0,
0,
0,
0,
0,
0,
0,
0,
0,
0,
0,
0,
0.0352941,
0.8,
0.819608,
0.0705882,
0,
0,
0,
0,
0,
0,
0.0862745,
0.992157,
0.992157,
0.419608,
0,
0,
0,
0,
0,
0,
0,
0,
0,
0,
0,
0,
0,
0,
0,
0.662745,
0.988235,
0.780392,
0.333333,
0.333333,
0.333333,
0.333333,
0.505882,
0.643137,
0.764706,
0.988235,
0.988235,
0.415686,
0,
0,
0,
0,
0,
0,
0,
0,
0,
0,
0,
0,
0,
0,
0,
0.160784,
0.666667,
0.960784,
0.988235,
0.988235,
0.988235,
0.988235,
0.909804,
0.905882,
0.984314,
0.988235,
0.988235,
0.0352941,
0,
0,
0,
0,
0,
0,
0,
0,
0,
0,
0,
0,
0,
0,
0,
0,
0,
0.192157,
0.329412,
0.329412,
0.329412,
0.329412,
0,
0,
0.631373,
0.988235,
0.988235,
0,
0,
0,
0,
0,
0,
0,
0,
0,
0,
0,
0,
0,
0,
0,
0,
0,
0,
0,
0,
0,
0,
0,
0,
0,
0.498039,
0.988235,
0.988235,
0.176471,
0,
0,
0,
0,
0,
0,
0,
0,
0,
0,
0,
0,
0,
0,
0,
0,
0,
0,
0,
0,
0,
0,
0,
0,
0.501961,
0.992157,
0.992157,
0,
0,
0,
0,
0,
0,
0,
0,
0,
0,
0,
0,
0,
0,
0,
0,
0,
0,
0,
0,
0,
0,
0,
0,
0,
0.498039,
0.988235,
0.988235,
0,
0,
0,
0,
0,
0,
0,
0,
0,
0,
0,
0,
0,
0,
0,
0,
0,
0,
0,
0,
0,
0,
0,
0,
0,
0.529412,
0.988235,
0.956863,
0,
0,
0,
0,
0,
0,
0,
0,
0,
0,
0,
0,
0,
0,
0,
0,
0,
0,
0,
0,
0,
0,
0,
0,
0,
0.909804,
0.92549,
0.435294,
0,
0,
0,
0,
0,
0,
0,
0,
0,
0,
0,
0,
0,
0,
0,
0,
0,
0,
0,
0,
0,
0,
0,
0,
0,
0.701961,
0.258824,
0,
0,
0,
0,
0,
0,
0,
0,
0,
0,
0,
0,
0,
0,
0,
0,
0,
0,
0,
0,
0,
0,
0,
0,
0,
0,
0,
0,
0,
0,
0,
0,
0,
0,
0,
0,
0,
0,
0,
0,
0,
0,
0,
0,
0,
0,
0,
0,
0,
0,
0,
0,
0,
0,
0,
0,
0,
0,
0,
0,
0,
0,
0,
0,
0,
0,
0,
0,
0,
0,
0,
0,
0,
0,
0,
0,
0,
0,
0,
0,
0,
0,
0,
0,
0,
0,
0,
0,
0,
0,
0,
0,
0,
0,
